time,x,y,z,phi,theta,psi,x_velocity,y_velocity,z_velocity,phi_velocity,theta_velocity,psi_velocity,rotor_speed1,rotor_speed2,rotor_speed3,rotor_speed4
0.06,-8.20473064563e-07,4.14306574371e-08,10.0006488246,5.60938504197e-05,0.000689244903461,0.0,-6.43900007128e-05,3.97314433819e-06,0.0216270693819,0.0027421742546,0.0279515737988,0.0,410.89874319903834,413.36875532499505,410.3091928790296,410.55250239689036
0.12000000000000001,-2.27748471648e-05,1.87642471014e-06,10.002441573,0.000256108901406,0.00205692848201,0.0,-0.000806382088475,7.3555876813e-05,0.0381304398191,0.00449098471052,0.00970911498601,0.0,410.8958000986734,409.27576249218265,408.94538655609614,409.1010388798451
0.18,-0.000120393275903,1.3161900371e-05,10.0098596799,0.000306818363854,0.00246505268084,0.0,-0.00250411091946,0.000322025664668,0.209123077854,-0.00768195074203,0.000240655985396,0.0,458.8661085001947,458.11388156228753,459.7513315955973,458.78600679639555
0.23999999999999996,-0.000329206537572,3.80113495562e-05,10.0285222649,7.21625783857e-05,0.00231121463762,0.0,-0.00444883456532,0.000466512359754,0.412911062059,0.00272839080467,-0.00886451128718,0.0,468.764897576829,468.05699059870426,468.6753775958654,469.48373482963837
0.3,-0.000640020527238,6.79211282872e-05,10.0551454189,6.28315337866,0.00237285951909,0.0,-0.00589379892423,0.000535242014658,0.47450342178,-0.0126268195031,0.015759344142,0.0,424.01871310789863,426.12853200461336,425.04617686722196,423.72842460377103
0.36000000000000004,-0.00106708550974,9.50520228305e-05,10.0947135433,6.28236331951,0.00345067572845,0.0,-0.0084852647076,0.000259347052453,0.8442355181,-0.0142718545369,0.0220428660583,0.0,515.7070329346506,516.1504948451732,515.5679982824555,515.4519187061827
0.4200000000000001,-0.00165339003501,9.00833462575e-05,10.1485927625,6.28142699878,0.00478914159297,0.0,-0.0111950960011,-0.000517150310406,0.951654119685,-0.0184152599064,0.0228323112288,0.0,439.9144005066332,439.9797866998805,440.2020446400643,439.85918115270823
0.48000000000000015,-0.00242620428565,1.97110243858e-05,10.2080788082,6.27993619663,0.00618973975768,0.0,-0.0147021506545,-0.00195208745229,1.03114436228,-0.0425688951194,0.024346071409,0.0,430.8890274947875,431.01703495653396,432.6187036603293,430.5801767655492
0.5400000000000001,-0.00344577102588,-0.000175841193233,10.2735319849,6.27788660369,0.00784969761175,0.0,-0.019447063325,-0.00480328393973,1.15051324309,-0.0211633575985,0.033592362402,0.0,443.8552104288866,444.613499030184,443.06571132365497,444.82129947614845
0.6000000000000002,-0.00478104953766,-0.000577027583439,10.3453954643,6.27697825822,0.00979233907866,0.0,-0.025261748397,-0.00867706883665,1.24483539329,-0.00521158324135,0.0298298740458,0.0,436.34259492775686,436.02882986733897,436.03293985503063,437.36346573526197
0.6600000000000003,-0.00652371389396,-0.00123742067593,10.4248430983,6.27716568179,0.0115977549271,0.0,-0.0330241440288,-0.0133376681615,1.40323574355,0.0160338090115,0.0306059356302,0.0,457.48287700458,457.5449209453731,454.8453613806225,456.5434488328004
0.7200000000000003,-0.00876183717174,-0.0021630657439,10.5128711448,6.2782933764,0.0135247438179,0.0,-0.0417778421854,-0.0174048413014,1.53086810633,0.0238124991579,0.034977738825,0.0,447.54608046663003,447.90210751065575,447.0476233809857,447.6808937216256
0.7800000000000004,-0.011549725706,-0.00330099699714,10.607280784,6.27952305625,0.0153740907296,0.0,-0.0513488538493,-0.0203920211402,1.61600071211,0.0128599984304,0.020850364102,0.0,434.90831444072114,433.7238653522812,435.1563271349045,434.23860083500995
0.8400000000000004,-0.0149909878376,-0.00460537822851,10.7096731191,6.2806311439,0.0163088770634,0.0,-0.0634836774928,-0.0229772230696,1.79680870967,0.0278189897549,0.0021134117987,0.0,464.81922260943156,463.3485576463977,464.07111805423364,465.24366386384713
0.9000000000000005,-0.0191053191052,-0.0060260723397,10.8185169461,6.2820343924,0.0161639562578,0.0,-0.0736609866743,-0.0242355879383,1.8312642182,0.0125939097501,-0.0135066897193,0.0,419.0211541952918,417.6611724882311,420.0262790085309,418.7039744520604
0.9600000000000005,-0.0238982715214,-0.0075037200586,10.9340390593,6.28286364199,0.0153298495329,0.0,-0.0860047577769,-0.0249277975612,2.0191616299,0.0161681370775,-0.01470387829,0.0,466.64852605384084,466.5551930979484,467.59126622545045,467.86948385405157
1.0200000000000005,-0.0293716503001,-0.00900241997109,11.0581608273,0.000516558685073,0.0145075364509,0.0,-0.0963520386794,-0.0249363777299,2.11805369447,0.00916654685102,-0.0117792363139,0.0,440.27346817618775,440.51547588639994,440.97161440746004,440.39278584540796
1.0800000000000005,-0.0353950748788,-0.0104882201919,11.184430595,0.00105530686804,0.0136491087827,0.0,-0.104365126455,-0.0245449804328,2.09098941072,0.00860165396688,-0.0199141499499,0.0,399.3611469449551,398.61855128153417,399.3881368749222,399.3365019468317
1.1400000000000006,-0.0419279771665,-0.0119378973163,11.3123256119,0.0014396232456,0.0131535767224,0.0,-0.113319339803,-0.0237327062096,2.17202810836,0.00160432467907,0.00838022572569,0.0,434.3439757307671,436.71041652674853,435.03941322838955,434.4530454917388
1.2000000000000006,-0.0489875555533,-0.0133334123139,11.4445674105,0.00121660115993,0.0142724829337,0.0,-0.122082073808,-0.0227878586742,2.2359074425,-0.0173561834797,0.0337993952146,0.0,428.9728226273169,431.1258178525109,430.6440224721863,429.0373375039645
1.2600000000000007,-0.0566137274686,-0.0146797542627,11.5816071201,3.38913688847e-05,0.0162679782713,0.0,-0.132324990033,-0.0222026424426,2.331888229,-0.0248964976155,0.0321536296036,0.0,440.7072334118668,440.571631888697,440.65419749751555,440.0304809766071
1.3200000000000007,-0.0648914079872,-0.0160166680162,11.7240759026,6.28190323768,0.0193330459734,0.0,-0.143858707096,-0.0225006645431,2.41688962481,-0.0165817580112,0.0742027491647,0.0,435.7372138295768,439.2396991397467,437.0234563143979,437.71590267563835
1.3800000000000008,-0.0739556454472,-0.0173980909699,11.8728813401,6.28099817631,0.0235520096092,0.0,-0.158737470381,-0.023646725359,2.54300821354,-0.0122463064221,0.0611212510731,0.0,451.63308866653347,450.5804400635877,450.1690785293693,450.51985223173347
1.4400000000000008,-0.0840564725926,-0.0188712257277,12.0315820762,6.28087924384,0.0270705196868,0.0,-0.178367619909,-0.025500441093,2.74653756157,0.013165526458,0.0531566263014,0.0,475.168989877683,474.5601868869951,473.4243640800891,475.3755959900704
1.5000000000000009,-0.0952710580323,-0.0204413214324,12.19722509,6.28149920681,0.0302215406378,0.0,-0.195739990313,-0.0267708763101,2.77481791144,0.00396108562936,0.051206598931,0.0,421.59000713028576,421.42344361623185,421.09573726599604,420.2986420523541
1.560000000000001,-0.107719328611,-0.0220851928144,12.3688911521,6.28153967367,0.0328856697029,0.0,-0.219519021528,-0.028007351619,2.94694360064,-0.00687855513902,0.025132829735,0.0,467.00666695450553,464.9694231717956,467.3827686887798,466.5371892752924
1.620000000000001,-0.121730724941,-0.0238092557603,12.5533505248,6.28076748753,0.0345808481866,0.0,-0.247706301146,-0.0295290731366,3.20101643828,-0.0288889551414,0.0338579881969,0.0,490.12052541576634,490.76869494294493,492.83830239727945,491.20888111595247
1.680000000000001,-0.137258841552,-0.0256329371457,12.7467651625,6.27920265406,0.0367192697407,0.0,-0.270089690909,-0.0314141708844,3.24600075677,-0.0209851089004,0.0389852545145,0.0,429.8364637834487,430.2713742359648,428.1290414321605,428.80084814069465
1.740000000000001,-0.154410938896,-0.02762441621,12.9493080411,6.27837777922,0.0391901971345,0.0,-0.301921465643,-0.0350922231246,3.50465574379,-0.00221110290406,0.0452479114967,0.0,494.0618537027142,494.5240876018425,493.34426234432357,494.728642682218
1.8000000000000012,-0.173275868691,-0.0298209911736,13.1607682123,6.27785771606,0.0422466856568,0.0,-0.327175550271,-0.0381520713431,3.54387992837,-0.0264952802012,0.0604094001855,0.0,429.1441454545891,430.43093865837744,430.0266642455425,427.96461658174286
1.8600000000000012,-0.193693011118,-0.0322129721767,13.374028528,6.27592993722,0.0454602445648,0.0,-0.353707643494,-0.0417357847714,3.56471207489,-0.0468472776552,0.0340954331571,0.0,424.7801701353278,422.5193986741077,424.5710119519027,422.82064183825327
1.9200000000000013,-0.215896177681,-0.034882815913,13.5915916619,6.27334006573,0.0478008473125,0.0,-0.386613758673,-0.0475391580509,3.6869860706,-0.0366649954403,0.0473688705476,0.0,455.3589356926105,456.420262626602,455.87386227086193,456.6857847005954
1.9800000000000013,-0.240087132571,-0.0379446427707,13.8156675858,6.27179367832,0.0507010533473,0.0,-0.420028265731,-0.0547019116278,3.78187798728,-0.0099427651087,0.0502048985558,0.0,448.9462544081911,449.17772118720984,446.80348793335,448.97667248235945
2.0400000000000014,-0.266118541939,-0.0414118415203,14.0410472972,6.27064585622,0.0539690359593,0.0,-0.447946454465,-0.0609303788675,3.73092601347,-0.052828274911,0.0618551872117,0.0,401.04154558944714,402.1007380457174,402.7779033370223,398.87987612588057
2.1000000000000014,-0.294265850393,-0.045371789984,14.2704213989,6.26757961808,0.0575190005465,0.0,-0.490680592403,-0.071415446402,3.9142276912,-0.04786207024,0.0531603299236,0.0,476.2234625467651,475.5600760562556,475.2142053072192,475.59325888975184
2.1600000000000015,-0.325069584913,-0.0500329613495,14.5109910701,6.26535771821,0.0607363332281,0.0,-0.536442712076,-0.0842323603948,4.10405861648,-0.0212686759734,0.0545299948236,0.0,478.73189060259756,478.83777392321014,477.9299528519344,479.95198862417766
2.2200000000000015,-0.358473978915,-0.0554437138446,14.7593458597,6.26355865197,0.0636228366047,0.0,-0.577328516746,-0.0962588355139,4.17414544534,-0.0597518414506,0.0304304308099,0.0,444.88221388632223,442.9057226612017,445.61544396769,442.4575914542579
2.2800000000000016,-0.394444672034,-0.0616394431291,15.0128483071,6.26008849856,0.0650046892851,0.0,-0.62184488264,-0.110617477097,4.27552885365,-0.0542571304436,0.0010305984878,0.0,455.2200094695955,452.8611637533428,454.4039161160018,454.84197588161373
2.3400000000000016,-0.433228597455,-0.0688099730573,15.2742563794,6.25732819788,0.0655778728846,0.0,-0.670956393651,-0.128715252234,4.43743232102,-0.0332002467459,0.0226892070294,0.0,472.38172433851776,474.0489898454102,472.85121957597545,474.46950258511504
2.4000000000000017,-0.474895676196,-0.0770912573858,15.5441272516,6.25520924321,0.0670714448138,0.0,-0.718069162337,-0.147529799287,4.5577573537,-0.0399228698188,0.0289708368785,0.0,462.132462563637,462.6274539183791,462.46219562782625,461.9318214155559
2.4600000000000017,-0.519345641371,-0.0865145193846,15.8200384032,6.25285079344,0.0697301531419,0.0,-0.763806393452,-0.166804386185,4.63891233805,-0.0381046096069,0.0644799174882,0.0,450.2199444191602,453.0850889028813,450.9038274022439,451.0499601500723
2.520000000000002,-0.566487719348,-0.0970919665415,16.0992112165,6.25030460551,0.0735455600204,0.0,-0.807941786461,-0.185991197986,4.66667980383,-0.052928540175,0.0617492342588,0.0,434.81548873333554,434.5896783244024,436.34676827958435,435.1062477612111
2.580000000000002,-0.616294926172,-0.108846354142,16.379319022,6.24694479168,0.0770038595202,0.0,-0.852616407229,-0.206105562441,4.67017481211,-0.0629713459955,0.0477985435538,0.0,428.28047994145396,427.09451382599417,428.11532524649914,427.25754933784356
2.640000000000002,-0.668972655797,-0.121930987272,16.6613044851,6.24303981929,0.0797668626795,0.0,-0.903563823889,-0.23040612422,4.72903544236,-0.0696786471561,0.042302508097,0.0,445.96972415016955,445.5217636381286,445.83218819879386,445.2806341311291
2.700000000000002,-0.724748711024,-0.136544315303,16.9466588218,6.23894294553,0.0819188913615,0.0,-0.95585323912,-0.257087173611,4.78248847717,-0.0656247379379,0.0181309602401,0.0,445.62696768345126,443.64699807055547,444.38056972511123,444.7092778818548
2.760000000000002,-0.783521426394,-0.152738944147,17.2330436179,6.23473364865,0.0830739058962,0.0,-1.00334648835,-0.283078135291,4.76370107922,-0.0812423034752,0.0213995975261,0.0,422.49180748702133,422.773549753562,421.55570001658486,420.19963656014227
2.820000000000002,-0.845450759115,-0.17073596258,17.5216988079,6.22964046127,0.0844877291995,0.0,-1.06107603103,-0.317303145737,4.85767126678,-0.0934014027988,0.0275738286959,0.0,458.37237654771934,458.862877321744,457.39808415981656,456.42281876459543
2.880000000000002,-0.910528792905,-0.1906690292,17.8118963198,6.22494234834,0.0865847712607,0.0,-1.10836980294,-0.347548826227,4.8156904764,-0.0583538602871,0.0466645924924,0.0,414.1994598895597,415.8758604630501,413.31528804735257,416.3871534757742
2.940000000000002,-0.978920247591,-0.212782421133,18.1045539197,6.22114292531,0.089350005348,0.0,-1.17159957745,-0.389911324641,4.9389404674,-0.0757919769464,0.0449071485465,0.0,467.45356909849284,467.31771700631435,468.17776977594673,466.81603707581644
3.000000000000002,-1.05161720776,-0.237836789833,18.4095901336,6.21677892586,0.0918104932501,0.0,-1.25185999876,-0.445725624525,5.22752232154,-0.0672300256706,0.0317752985984,0.0,516.5640857218426,515.6377497061676,515.6564618269954,516.2576793715011
3.0600000000000023,-1.12844977464,-0.265812440106,18.7238991036,6.21287517486,0.0934359328419,0.0,-1.30938806431,-0.487144328462,5.24925584697,-0.0610479885056,0.0155213131791,0.0,441.20198965711023,439.85792116840656,439.4722667259032,439.9812866252692
3.1200000000000023,-1.2090391517,-0.296551751167,19.0424323499,6.20916156105,0.0941297549032,0.0,-1.37697115881,-0.537842641528,5.36787445225,-0.063639913167,0.00216099789603,0.0,471.13320682512267,470.09881640323783,470.54740546717585,470.3441616668231
3.1800000000000024,-1.29324333614,-0.330051837623,19.3632643306,6.20585443919,0.0943886050397,0.0,-1.42988495413,-0.579125432923,5.32665337312,-0.0419886813405,0.00830604991502,0.0,421.2139653317175,421.7450842028098,420.15554630883804,422.02645894757575
3.2400000000000024,-1.38116118859,-0.366514465386,19.6871909151,6.20325704133,0.094680948227,0.0,-1.50070410545,-0.636516536222,5.47013049754,-0.0460277051142,-0.00307474379689,0.0,479.42420868612203,478.5585085359351,479.08679982344785,478.77865649350287
3.3000000000000025,-1.47288769668,-0.40609943956,20.0150110769,6.20034469249,0.094478335547,0.0,-1.55685404325,-0.68322802155,5.45720432198,-0.0541037068016,-0.00398813689675,0.0,432.1551999554671,432.07825383535436,432.320266641601,431.6375833128451
3.3600000000000025,-1.56812799021,-0.448665556976,20.3435613495,6.19662639094,0.0944637790671,0.0,-1.6178133224,-0.735940456182,5.4942106516,-0.0863769463554,0.00635712611849,0.0,447.8912013693079,448.73194736045633,449.19631238625766,446.5678814058723
3.4200000000000026,-1.66730207732,-0.494720324893,20.6771588867,6.19130812357,0.0947583742104,0.0,-1.68798222348,-0.799716225764,5.62493857528,-0.093589675797,0.00184573102293,0.0,476.87562017733046,476.53074297012085,478.1730008265448,477.61717295223457
3.4800000000000026,-1.77031961053,-0.544350624343,21.0146392425,6.18558983011,0.0947981138522,0.0,-1.74596282413,-0.855117208494,5.62429754701,-0.0989742147981,-0.00181645514796,0.0,438.1137252452889,437.80905450989025,438.8560207481505,438.40088759235175
3.5400000000000027,-1.87696617346,-0.597557339331,21.3535850761,6.17937619842,0.0947602580232,0.0,-1.80891331914,-0.918982992084,5.6735187821,-0.114815591878,0.00164072390943,0.0,454.6811424130823,454.9580958652957,454.52148225474707,453.24062889219266
3.6000000000000028,-1.98725966588,-0.654569022109,21.6940507847,6.17237210254,0.094495358529,0.0,-1.86755421405,-0.98200751977,5.67518839211,-0.120875834428,-0.0206781157124,0.0,440.9103796072031,439.062273505027,440.48049219646805,439.9665545495819
3.660000000000003,-2.10108944901,-0.715512255285,22.0348204558,6.16533645654,0.0931732207763,0.0,-1.92668162274,-1.05005614543,5.68362168062,-0.110871114547,-0.0248988203196,0.0,442.2530637211194,441.9051912110506,442.69639828023037,443.5065912892641
3.720000000000003,-2.21852200676,-0.780755730968,22.3768544854,6.15886055147,0.0911717815252,0.0,-1.98759899887,-1.12530737645,5.71720317034,-0.102624520675,-0.06132715353,0.0,452.7319109173639,449.79004097849963,450.3160975714146,450.9727099973519
3.780000000000003,-2.33966893935,-0.850768560438,22.721950096,6.15229893882,0.0872172274791,0.0,-2.05026766411,-1.20902400414,5.78551686449,-0.12831723943,-0.0771561250771,0.0,462.9640774694623,461.7135721130815,463.3982850343434,461.36332909424596
3.840000000000003,-2.4642932954,-0.925620977402,23.0687244735,6.14441254119,0.0827125544659,0.0,-2.1035345423,-1.28673189068,5.77357276263,-0.138550730995,-0.0712175702531,0.0,437.3994992576208,437.88936008159834,438.8470885525804,437.9804209253605
3.900000000000003,-2.59228299618,-1.00567958108,23.4176251135,6.13603136206,0.0781710075656,0.0,-2.16235733232,-1.38265671358,5.8558561564,-0.142057276188,-0.0866108312843,0.0,468.97776418130377,467.7760720354229,467.2840016839612,466.9934239490546
3.960000000000003,-2.7237481989,-1.0917253599,23.7718446664,6.12761574545,0.0730466623751,0.0,-2.21929766001,-1.48631875126,5.95078798292,-0.136892535519,-0.0830998724609,0.0,472.70728283747223,472.9722915774973,472.54185467522404,472.9228916509584
4.020000000000002,-2.85824090673,-1.18352803172,24.1277172167,6.1190842599,0.0678598286584,0.0,-2.26343974973,-1.57448562473,5.91168862778,-0.155732072869,-0.0941554765528,0.0,432.4135072256753,431.47447347046847,432.84768329099353,431.2391044128347
4.080000000000001,-2.99548448266,-1.28120992477,24.4838693603,6.10937666958,0.0617923520226,0.0,-2.31082822142,-1.68242994407,5.95959282437,-0.178043499501,-0.121096671519,0.0,460.7929959510186,458.6489039790673,460.64106249639525,458.8484658433267
4.14,-3.13528481345,-1.38505442065,24.8400130732,6.09853778756,0.054411797315,0.0,-2.3486650265,-1.77996484547,5.91193214353,-0.186435473444,-0.127134100965,0.0,429.7347678231502,429.20825133431043,430.978480199653,430.2356251993498
4.199999999999998,-3.2774200816,-1.49553777342,25.1964911371,6.08861923519,0.0464691811989,0.0,-2.38846864414,-1.90375239771,5.97012191494,-0.140604412488,-0.145731163652,0.0,464.8225904253617,463.34700541958904,461.7320665226507,465.30760739749326
4.259999999999997,-3.42167225697,-1.61309628111,25.5537106292,6.08064765388,0.0376016909663,0.0,-2.41927756555,-2.01558659013,5.93720954018,-0.120689794347,-0.152262314553,0.0,436.15153117463063,435.58458088425544,435.08834649356874,436.735938817105
4.319999999999996,-3.56765761655,-1.73761989849,25.9095152688,6.07343215797,0.0287080901245,0.0,-2.44619321864,-2.13584912165,5.92285897201,-0.119409696888,-0.141186736798,0.0,441.5870992329176,442.4791566725327,441.7529572531759,441.8453931693679
4.379999999999995,-3.71518760249,-1.87002191057,26.2669215398,6.06601348663,0.0207589545064,0.0,-2.47071686759,-2.27819285808,5.9900956984,-0.133839662359,-0.119147234651,0.0,467.0770193502245,468.7775311948014,468.4245210027101,467.2876102586195
4.439999999999993,-3.86399504079,-2.01054631098,26.6257504286,6.05817545973,0.0138070507308,0.0,-2.4889821795,-2.40665518976,5.97072502128,-0.124895121962,-0.110003229734,0.0,440.68294384740335,441.42614898386427,442.16975820835086,442.89040348129316
4.499999999999992,-4.01380597698,-2.15920008439,26.9846142531,6.05065011582,0.00724227280525,0.0,-2.50415851866,-2.549130255,5.9910092396,-0.126497249968,-0.10825881768,0.0,455.03775173535365,455.1671516647528,454.6958662275054,454.5535441467291
4.559999999999991,-4.1644099412,-2.31630705413,27.3436535485,6.0434436762,0.00128727969016,0.0,-2.51548307108,-2.68842313265,5.97675143174,-0.1096919756,-0.0855439075131,0.0,443.65545279432564,445.50824023277,444.01229968960433,445.3760091263609
4.6199999999999894,-4.31560225232,-2.48258833391,27.7046019586,6.03714098466,6.27926833569,0.0,-2.52377823063,-2.85482038775,6.05409218983,-0.0970826580532,-0.0892367245225,0.0,474.13867734087296,473.849113383377,473.4253075591702,474.3857464146527
4.679999999999988,-4.46720418171,-2.65842302089,28.0679227128,6.03177070267,6.27394079528,0.0,-2.5291801564,-3.00683391458,6.0562795836,-0.0775405125879,-0.0879186604516,0.0,450.6399070216465,450.74002020914514,452.57736623094405,454.14119443746483
4.739999999999987,-4.61904009123,-2.84351071406,28.4314603363,6.02779592789,6.26850511947,0.0,-2.53157305463,-3.16314592402,6.06132478825,-0.0499916443359,-0.0965654118842,0.0,455.1664824627555,454.46708060657437,451.27591313280584,453.4912354319175
4.799999999999986,-4.77093360861,-3.0379375223,28.7948191127,6.02439171323,6.26284122178,0.0,-2.53107941328,-3.31806957324,6.050437001,-0.0757486556623,-0.0903854092849,0.0,447.9314797849326,448.42639786163755,451.086807425025,448.99911856518776
4.859999999999984,-4.92271578142,-3.24161771645,29.1570424408,6.01965837275,6.25810451752,0.0,-2.52792807426,-3.47172450325,6.02350007558,-0.0860497963773,-0.062538257413,0.0,443.02279363925317,445.3017924982385,445.0432356657403,444.1940491023571
4.919999999999983,-5.07416770191,-3.45531397032,29.5202021748,6.01476588808,6.25394252409,0.0,-2.52012082242,-3.65189454655,6.08108839243,-0.0737836320426,-0.0887309193909,0.0,472.95224826090697,470.9264780326196,470.9688001171927,471.9117500159622
4.979999999999982,-5.22511592539,-3.67949988055,29.885221779,6.01025385808,6.24824164114,0.0,-2.51102800957,-3.82138945193,6.08583559742,-0.0781946931994,-0.112134971158,0.0,457.8057229642949,455.93150976145444,456.4987963510731,456.14230277200744
5.0399999999999805,-5.37537272134,-3.91427742113,30.2516399169,6.00609866407,6.2417978133,0.0,-2.49694963185,-4.00491062074,6.12747334807,-0.0556237181704,-0.0993013496988,0.0,468.756434639601,469.7433497001787,468.02143579032173,469.77173007010697
